image_width: 640
image_height: 480
camera_name: narrow_stereo
camera_matrix:
  rows: 3
  cols: 3
  data: [486.772913, 0.000000, 328.286159, 0.000000, 489.190180, 239.729314, 0.000000, 0.000000, 1.000000]
distortion_model: plumb_bob
distortion_coefficients:
  rows: 1
  cols: 5
  data: [-0.027332, -0.031780, 0.001132, 0.004587, 0.000000]
rectification_matrix:
  rows: 3
  cols: 3
  data: [1.000000, 0.000000, 0.000000, 0.000000, 1.000000, 0.000000, 0.000000, 0.000000, 1.000000]
projection_matrix:
  rows: 3
  cols: 4
  data: [476.517456, 0.000000, 331.384781, 0.000000, 0.000000, 484.174500, 239.650839, 0.000000, 0.000000, 0.000000, 1.000000, 0.000000]
